this directory is about the total xtal beam time difference



xtal Num									
#	col 9	col 8	col 7	col 6	col 5	col 4	col 3	col 2	col 1
row 1	53	52	51	50	49	48	47	46	45
row 2	44	43	42	41	40	39	38	37	36
row 3	35	34	33	32	31	30	29	28	27
row 4	26	25	24	23	22	21	20	19	18
row 5	17	16	15	14	13	12	11	10	9
row 6	8	7	6	5	4	3	2	1	0

run Num									
#	col 9	col 8	col 7	col 6	col 5	col 4	col 3	col 2	col 1
row 1	3284	3285	3286	3287	3288	3289	3292	3293	3294
row 2	3283	3281	3278	3277	3276	3275	3274	3272	3268
row 3	3253	3254	3256	3257	3258	3263	3265	3266	3267
row 4	3233	3234	3232	3235	3236	3237	3238	3239	3240
row 5	3252	3251	3250	3249	3248	3247	3246	3245	3244
row 6	3368	3303	3302	3301	3300	3369	3297	3296	3295


