9   1   -1.45272   0.538985
10   2   0.480184   0.641985
10   0   0.471985   0.423231
2   0   0.0164155   0.759125
11   3   -0.152011   0.780176
11   1   -1.34601   0.666622
3   1   -1.21945   0.808385
12   4   -0.207108   0.470799
12   2   -0.222559   0.443177
4   2   0.0488958   0.579436
13   5   -0.909488   0.903341
13   3   0.527677   0.785161
5   3   1.39812   1.12201
14   6   -0.400137   0.716801
14   4   -0.359753   0.678919
6   4   0.158231   0.857307
15   7   -0.742495   0.430204
15   5   -1.42852   0.363648
7   5   -0.663696   0.569027
16   8   -0.257451   0.473283
16   6   -0.283493   0.615407
8   6   -0.0929339   0.788038
17   7   -0.662082   0.624781
19   11   -0.091088   1.56735
19   9   -0.00468003   0.855985
19   1   -1.20289   1.16707
11   9   0.0732237   1.64897
11   1   -0.975901   1.40818
9   1   -1.13947   0.936693
20   12   -0.0288162   0.980328
20   10   -0.781895   0.896683
20   2   -0.0202906   1.3808
12   10   -0.73764   1.19982
12   2   -0.0351559   1.22785
10   2   0.725537   1.19758
21   13   -0.710571   1.0695
21   11   -0.123854   1.13125
21   3   -0.00669138   1.04309
13   11   0.646836   1.67064
13   3   0.735871   1.09478
11   3   0.0696514   1.19332
22   14   -0.0120472   0.931841
22   12   -0.0734802   0.956442
22   4   -0.145118   1.20149
14   12   -0.0714907   1.00902
14   4   -0.0461068   0.882341
12   4   -0.0118704   0.901245
23   15   -0.138009   1.06767
23   13   -0.537495   1.03445
23   5   -1.25456   1.25303
15   13   -0.447322   1.60688
15   5   -1.09282   1.07118
13   5   -0.652588   1.1196
24   16   0.0283907   1.34611
24   14   0.222124   1.16884
24   6   -0.0631901   1.53665
16   14   0.242824   1.67487
16   6   -0.0428292   1.32126
14   6   -0.272202   1.31806
25   17   -0.103133   1.00465
25   15   0.0488227   0.847843
25   7   -0.496433   1.17308
17   15   0.137065   0.942607
17   7   -0.361621   0.923893
15   7   -0.504841   0.908676
26   16   0.180407   0.920018
26   8   0.0965272   1.37061
16   8   -0.120246   1.35332
27   19   -0.474902   1.74501
27   9   -0.223254   2.26181
19   9   -0.188611   2.26821
28   20   -0.253732   0.992875
28   18   -0.233079   1.00202
28   10   -0.945686   1.16225
20   18   -0.00441866   1.24302
20   10   -0.676167   1.09291
18   10   -0.626038   1.10796
29   21   -0.129579   1.34666
29   19   -0.246323   1.10197
29   11   -0.137927   1.83692
21   19   -0.0184459   1.22532
21   11   0.000382263   1.74124
19   11   -0.0127357   2.01093
30   22   -0.0547295   1.76404
30   20   -0.150549   1.77705
30   12   -0.116006   1.72194
22   20   0.0979091   2.09698
22   12   0.00248605   1.74402
20   12   0.0833846   1.74529
31   23   1.0077   0.948243
31   21   1.05166   0.690091
31   13   0.365282   1.27309
23   21   0.0168998   1.15326
23   13   -0.682396   1.07618
21   13   -0.716846   0.967863
32   24   -0.220863   1.11134
32   22   0.0356051   0.884683
32   14   -0.0645772   1.3085
24   22   0.230057   1.16963
24   14   0.174735   1.04927
22   14   -0.0924762   0.973975
33   25   6.41811   1.24615
33   23   1.09633   0.946802
33   15   0.915744   1.19419
25   23   0.110626   1.49829
25   15   0.123238   1.08228
23   15   -0.110587   0.989689
34   26   -0.144592   0.975678
34   24   -0.0784563   1.16047
34   16   0.0223601   1.36846
26   24   0.108128   1.50672
26   16   0.209456   1.0598
24   16   0.110808   1.16382
35   25   0.771725   0.837164
35   17   0.671215   1.20647
25   17   -0.0997444   1.04232
36   28   -0.133878   0.526505
36   18   -0.409794   0.891416
28   18   -0.296416   1.06599
37   29   0.892236   0.473422
37   27   0.861691   0.484789
37   19   0.638194   0.839476
29   27   -0.0515273   0.73207
29   19   -0.221137   0.961791
27   19   -0.211299   0.871238
38   30   -0.0948876   0.512425
38   28   -0.0748741   0.391533
38   20   -0.277191   0.766559
30   28   0.0769569   0.601152
30   20   -0.162498   0.847622
28   20   -0.204365   0.933165
39   31   -0.184045   0.482958
39   29   1.03982   0.511441
39   21   0.819232   0.89644
31   29   1.17479   0.768422
31   21   0.991274   1.04876
29   21   -0.248789   1.02057
40   32   1.20105   1.21977
40   30   1.35912   0.984525
40   22   1.34757   1.16925
32   30   0.137741   1.38952
32   22   0.213578   1.25148
30   22   0.0492099   0.982537
41   33   -1.22297   1.2215
41   31   -1.02726   0.877851
41   23   -0.0366653   1.50728
33   31   0.104678   1.15304
33   23   1.19946   1.27661
31   23   1.20873   1.11473
42   34   -0.123635   1.10917
42   32   0.0984193   0.823749
42   24   -0.0278398   1.22613
34   32   0.305959   1.15161
34   24   0.177934   1.04777
32   24   -0.0663093   0.958053
43   35   -1.03763   1.04893
43   33   -1.25852   0.920919
43   25   -0.145641   1.25059
35   33   -0.0953607   1.24728
35   25   0.94834   1.24559
33   25   1.03381   1.01516
44   34   -0.06151   0.859597
44   26   -0.0484336   1.13682
34   26   0.0254359   0.930747
45   37   0.0231076   0.670756
45   27   0.849891   1.14306
37   27   0.8014   1.41816
46   38   0.924694   0.583808
46   36   0.923414   0.730293
46   28   0.821151   1.08649
38   36   -0.0484956   0.908562
38   28   -0.036455   1.23528
36   28   -0.0573907   1.18567
47   39   -1.50354   0.448336
47   37   -1.34964   0.47217
47   29   -0.51434   1.10788
39   37   0.181929   0.674229
39   29   1.03225   1.32603
37   29   0.807688   1.26185
48   40   -0.182737   0.500745
48   38   1.01347   0.457127
48   30   0.862087   0.856192
40   38   1.19668   0.68525
40   30   1.08585   0.932441
38   30   -0.138946   0.953409
49   41   0.756673   0.483046
49   39   -0.314074   0.479362
49   31   -0.45199   0.944172
41   39   -1.11233   0.577092
41   31   -1.22475   0.880675
39   31   -0.114987   0.91991
50   42   0.939389   0.444558
50   40   -0.271624   0.478931
50   32   0.779529   0.964334
42   40   -1.15611   0.701473
42   32   -0.136368   1.03484
40   32   1.02854   0.986745
51   43   -0.262841   0.594887
51   41   -0.301131   0.470856
51   33   -1.66478   0.882682
43   41   -0.0461444   0.760797
43   33   -1.3446   0.970074
41   33   -1.361   0.831855
52   44   -0.227175   0.590725
52   42   -0.205538   0.522439
52   34   -0.419152   0.948532
44   42   -0.0303816   0.770488
44   34   -0.196928   0.941147
42   34   -0.190453   1.03823
53   43   -0.299573   0.489187
53   35   -1.57813   0.875076
43   35   -1.29491   1.0564
46   36   0.983678   1.1758
47   45   -1.28249   0.8384
47   37   -1.04436   0.938128
45   37   0.230131   0.825552
48   46   0.116688   0.715591
48   38   1.17081   1.02042
46   38   1.08524   0.865468
49   47   1.20781   0.929438
49   39   -0.176902   1.15083
47   39   -1.33425   1.00116
50   48   -0.123312   0.789005
50   40   -0.213799   1.0402
48   40   -0.0824604   0.99379
51   49   -1.15562   0.827902
51   41   -0.232698   0.964581
49   41   0.936319   1.05967
52   50   -0.995987   0.732923
52   42   0.0244681   0.966477
50   42   0.977378   0.829704
53   51   -0.0468928   0.768399
53   43   -0.131182   1.13396
51   43   -0.0894003   1.08884
52   44   -0.0138538   1.17843
